NextMonster	BaseMonster	EvoMaterialOne	EvoMaterialTwo	EvoMaterialThree	EvoMaterialFour	EvoMaterialFive	Ultimate
1814	1813	247	247	148	227	160	False
1090	211	1085	246	1087	227	321	True
2006	566	1325	1085	246	246	1176	True
812	2664	155	156	157	158	159	True
422	1513	155	156	157	158	159	True
77	76	159	165	None	None	None	False
2904	3500	155	156	157	158	159	True
1528	550	173	149	168	157	234	False
1617	1616	172	148	156	156	160	False
482	12	227	234	251	321	321	True
482	12	227	234	251	321	321	True
482	12	227	234	251	321	321	True
482	12	227	234	251	321	321	True
1921	12	1325	1085	1086	1327	1087	True
983	1731	155	156	157	158	159	True
87	86	170	170	159	165	165	False
1637	1636	152	158	164	None	None	False
497	496	174	249	249	251	321	False
2612	2611	148	167	150	158	160	False
2677	2676	916	321	175	175	151	True
3353	2676	1307	1326	1329	1329	3153	True
41	40	157	None	None	None	None	False
800	1296	155	156	157	158	159	True
371	370	172	247	234	251	321	False
2528	2527	1206	1328	1328	2127	2128	True
65	313	155	156	157	158	159	True
1923	1922	917	1328	918	985	1329	True
1983	2240	155	156	157	158	159	True
3259	3258	2722	916	1465	321	250	True
2610	2609	147	155	150	158	160	False
760	299	227	227	248	249	251	True
658	245	227	227	227	251	321	True
1927	245	227	916	1329	321	250	True
2980	245	1325	2637	1215	1329	1329	True
117	116	149	154	154	153	157	False
635	2505	155	156	157	158	159	True
3507	2505	163	163	163	163	163	True
808	807	234	175	250	250	151	False
3017	3016	3015	915	916	916	2128	False
1705	1704	173	173	149	157	160	False
804	2983	155	156	157	158	159	True
1727	3088	155	156	157	158	159	True
1068	1733	155	156	157	158	159	True
2658	1733	1326	1326	1294	148	1324	True
407	1214	155	156	157	158	159	True
1131	1130	227	149	234	251	321	False
32	31	154	154	153	152	158	False
208	51	168	157	157	157	160	False
2995	2994	173	248	234	251	321	False
3085	1129	227	916	916	321	151	True
574	2750	155	156	157	158	159	True
514	693	155	156	157	158	159	True
484	20	227	234	251	321	321	True
706	705	148	234	251	321	151	False
3343	3344	155	156	157	158	159	True
1261	637	915	174	249	150	321	True
3533	637	1325	2637	1328	1328	2890	True
2400	2399	247	148	174	150	251	False
2893	2402	915	174	916	321	175	True
771	770	251	250	250	151	151	False
1139	1138	155	156	162	None	None	False
1234	1233	247	247	148	227	251	False
35	34	154	154	153	152	159	False
392	3089	155	156	157	158	159	True
2257	3264	155	156	157	158	159	True
125	390	155	156	157	158	159	True
3239	390	162	162	162	162	162	True
2724	3313	155	156	157	158	159	True
521	518	156	227	154	153	152	False
790	789	167	156	162	None	None	False
2079	3068	155	156	157	158	159	True
1758	3537	155	156	157	158	159	True
2148	3234	155	156	157	158	159	True
308	307	153	None	None	None	None	False
774	218	246	227	248	251	321	True
1119	2892	155	156	157	158	159	True
1633	1632	155	161	152	None	None	False
2089	1163	249	249	150	251	321	True
2764	2030	1176	234	249	249	150	True
3345	3346	155	156	157	158	159	True
931	1221	155	156	157	158	159	True
2661	3506	155	156	157	158	159	True
2662	3506	155	156	157	158	159	True
3250	3251	155	156	157	158	159	True
1736	2661	155	156	157	158	159	True
3078	3077	149	149	157	157	160	False
653	371	247	227	234	251	321	True
1345	371	1294	148	915	251	321	True
2393	371	1326	1326	2383	985	1329	True
1949	1948	247	251	321	175	151	False
1129	1128	227	251	175	250	151	False
212	1091	155	156	157	158	159	True
568	567	171	246	147	234	251	False
3053	2416	246	147	1176	234	249	True
3054	2416	246	147	248	1176	234	True
4	480	155	156	157	158	159	True
115	329	155	156	157	158	159	True
2129	778	173	248	149	321	151	True
3558	3557	173	251	175	250	151	False
2083	3072	155	156	157	158	159	True
808	1300	155	156	157	158	159	True
823	2740	155	156	157	158	159	True
1101	203	248	248	234	251	321	True
1102	203	173	149	915	915	234	True
2622	2621	150	169	158	160	159	False
9	1931	152	None	None	None	None	False
2713	3370	155	156	157	158	159	True
28	27	153	152	157	None	None	False
1756	1755	147	155	150	158	160	False
641	3534	155	156	157	158	159	True
338	121	246	246	246	227	251	True
339	121	247	247	247	227	251	True
340	121	227	248	248	248	251	True
341	121	227	249	249	249	251	True
1111	121	1085	1086	227	321	250	True
119	335	155	156	157	158	159	True
2390	1672	246	1295	1295	149	251	True
232	825	155	156	157	158	159	True
2742	825	164	164	164	164	164	True
1527	548	172	148	167	156	234	False
1212	403	1087	1087	248	149	251	True
91	90	167	156	156	156	162	False
973	1729	155	156	157	158	159	True
647	1646	155	156	157	158	159	True
639	2507	155	156	157	158	159	True
800	2278	155	156	157	158	159	True
1737	597	1326	1326	1326	1294	247	True
93	92	168	157	157	157	163	False
935	2134	155	156	157	158	159	True
1189	1188	173	149	234	251	321	False
1238	1745	155	156	157	158	159	True
419	1512	155	156	157	158	159	True
2050	2049	155	174	249	150	160	False
1833	2496	155	156	157	158	159	True
1072	1735	155	156	157	158	159	True
2660	1735	1176	1328	1328	150	1324	True
2276	2277	155	156	157	158	159	True
2298	2297	1326	1326	1327	1327	1327	False
290	289	246	147	227	154	251	False
224	223	173	149	234	234	160	False
318	1274	155	156	157	158	159	True
2513	3374	155	156	157	158	159	True
914	2567	155	156	157	158	159	True
654	373	227	248	234	251	321	True
1346	373	173	248	915	251	321	True
2394	373	1223	1327	1327	1329	2402	True
357	921	155	156	157	158	159	True
200	199	159	159	165	None	None	False
576	2751	155	156	157	158	159	True
3496	2751	165	165	165	165	165	True
1298	804	1295	1295	248	251	321	True
2983	804	2808	1327	1327	1328	1525	True
2069	2809	155	156	157	158	159	True
558	557	172	172	247	148	167	False
396	131	249	249	249	251	321	True
397	131	251	321	250	250	250	True
1748	131	1223	1295	918	175	175	True
1627	1626	160	175	175	151	159	False
2807	1189	1327	1327	149	916	1329	True
3638	3637	2717	1737	1841	2277	1713	True
641	640	174	234	150	251	321	False
493	997	155	156	157	158	159	True
1971	2249	155	156	157	158	159	True
1060	887	915	249	916	251	175	True
145	411	155	156	157	158	159	True
2265	3102	155	156	157	158	159	True
967	966	172	247	247	227	154	False
826	2743	155	156	157	158	159	True
972	973	155	156	157	158	159	True
1729	973	1326	172	1328	1324	321	True
725	724	149	157	157	None	None	False
1210	399	1085	1085	246	147	251	True
1311	1310	167	156	162	None	None	False
477	196	154	168	168	157	None	False
1050	1049	147	155	161	None	None	False
548	547	156	162	162	None	None	False
47	46	155	None	None	None	None	False
1301	379	147	1295	1295	227	321	True
387	1305	155	156	157	158	159	True
1827	3569	155	156	157	158	159	True
1373	1372	227	248	149	251	250	False
2676	2675	251	175	250	151	151	False
3091	2932	147	227	227	249	251	True
1525	1524	227	234	249	249	251	False
2234	2233	234	150	251	321	151	False
317	81	172	148	148	321	160	False
2723	3312	155	156	157	158	159	True
306	305	153	None	None	None	None	False
439	440	155	156	157	158	159	True
1068	1067	172	247	247	148	321	False
1103	204	247	234	249	251	321	True
1104	204	915	915	174	234	150	True
2915	2916	155	156	157	158	159	True
2931	2930	155	153	152	None	None	False
685	39	257	156	None	None	None	False
752	2389	155	156	157	158	159	True
3490	2389	164	164	164	164	164	True
127	393	155	156	157	158	159	True
2946	1250	1176	1328	1328	234	1329	True
802	801	247	148	248	149	234	False
59	58	162	None	None	None	None	False
1121	1120	171	246	147	147	251	False
783	1458	155	156	157	158	159	True
2606	2605	246	147	173	149	251	False
493	492	172	247	247	251	321	False
3035	3034	173	174	234	150	251	False
2561	2560	248	251	175	250	151	False
2085	1149	227	251	175	250	151	True
572	2749	155	156	157	158	159	True
3494	2749	163	163	163	163	163	True
2752	1131	1087	1087	149	150	251	True
1698	1697	149	153	157	None	None	False
1615	1614	171	147	155	155	160	False
629	1216	155	156	157	158	159	True
2502	1216	1326	916	1324	1329	321	True
635	634	173	248	149	250	151	False
2750	3495	155	156	157	158	159	True
2932	3091	155	156	157	158	159	True
2714	1674	1294	148	1295	248	251	True
2273	2272	251	175	250	151	151	False
633	1258	155	156	157	158	159	True
2504	1258	1326	148	1328	916	1324	True
1259	635	173	248	149	251	321	True
1260	635	1295	248	149	321	250	True
2505	635	1327	1327	1629	1119	1328	True
1195	564	251	321	175	175	250	True
3083	1356	1085	1085	147	147	916	True
696	695	246	147	147	166	160	False
2981	3501	155	156	157	158	159	True
1266	750	248	149	251	321	250	True
1267	750	173	248	915	174	321	True
2075	750	1590	1327	1327	1327	1711	True
2098	2097	248	149	168	251	250	False
1840	1841	155	156	157	158	159	True
831	660	227	227	227	227	227	True
489	488	148	149	154	251	160	False
3329	3328	246	173	248	149	251	False
125	391	155	156	157	158	159	True
3239	391	162	162	162	162	162	True
1211	401	1086	1086	247	148	251	True
922	359	249	249	150	150	251	True
1283	1282	171	246	147	147	160	False
243	2979	155	156	157	158	159	True
3449	2979	164	164	164	164	164	True
750	1266	155	156	157	158	159	True
217	773	155	156	157	158	159	True
2081	3070	155	156	157	158	159	True
610	609	156	162	162	None	None	False
1415	1414	156	156	162	154	160	False
231	824	155	156	157	158	159	True
2741	824	163	163	163	163	163	True
826	233	227	251	321	250	151	True
241	240	173	149	234	234	160	False
957	956	227	174	234	249	251	False
3358	3359	155	156	157	158	159	True
2727	3316	155	156	157	158	159	True
1954	3241	155	156	157	158	159	True
544	2130	155	156	157	158	159	True
2751	3496	155	156	157	158	159	True
2087	1153	172	247	148	227	251	True
2922	2921	248	234	249	150	321	True
2947	1062	1327	1087	1329	321	151	True
369	652	155	156	157	158	159	True
292	291	156	154	153	152	None	False
2681	2680	149	157	157	158	160	False
2703	2702	248	149	249	150	251	False
139	1557	155	156	157	158	159	True
643	642	234	251	321	175	151	False
1127	1126	174	249	249	150	251	False
905	904	151	170	159	None	None	False
3061	2424	247	1176	234	250	151	True
3062	2424	1176	234	249	250	151	True
2584	2583	148	148	156	None	None	False
3244	3245	155	156	157	158	159	True
1956	3243	155	156	157	158	159	True
2265	2264	171	246	147	147	251	False
369	368	171	246	234	251	321	False
2553	2552	171	246	147	248	251	False
101	100	167	167	156	156	162	False
1552	639	246	916	321	250	151	True
1553	639	916	916	321	250	151	True
2507	639	917	1328	1646	1329	1329	True
375	1347	155	156	157	158	159	True
3374	2513	155	155	904	159	159	True
564	1195	155	156	157	158	159	True
1526	546	171	147	166	155	234	False
678	677	153	152	157	None	None	False
1688	1687	149	157	157	150	160	False
1238	1744	155	156	157	158	159	True
982	983	155	156	157	158	159	True
1731	983	1325	1324	1329	321	175	True
1641	1640	152	159	165	None	None	False
2618	2617	148	167	150	158	160	False
75	74	158	164	None	None	None	False
213	29	227	149	154	157	160	False
123	122	171	147	147	160	160	False
698	2326	155	156	157	158	159	True
582	581	156	162	None	None	None	False
355	354	247	247	148	251	160	False
3045	3044	160	151	170	159	165	False
1105	205	915	915	321	175	151	True
1106	205	234	251	321	250	250	True
933	932	251	175	250	250	151	False
3332	3331	171	246	147	227	321	True
2318	2290	156	1184	1184	1184	159	True
1554	606	171	246	174	249	251	True
418	417	167	162	154	154	160	False
416	1511	155	156	157	158	159	True
698	697	247	148	148	167	160	False
405	404	227	154	249	251	160	False
1831	3571	155	156	157	158	159	True
1417	1416	154	157	157	163	160	False
296	759	155	156	157	158	159	True
3407	3082	1325	1328	234	150	150	True
923	361	251	250	250	151	151	True
121	120	154	154	153	151	159	False
141	140	160	160	175	151	151	False
37	36	155	None	None	None	None	False
1734	1070	1295	1295	248	251	321	True
3511	1070	1327	1327	2987	1371	1329	True
652	369	246	227	234	251	321	True
1344	369	1085	246	249	251	321	True
2392	369	1325	1325	2398	1326	1461	True
2034	2033	171	147	249	251	321	False
369	1344	155	156	157	158	159	True
355	920	155	156	157	158	159	True
1339	3596	155	156	157	158	159	True
1216	2502	155	156	157	158	159	True
2701	2700	248	251	250	151	151	False
716	672	227	227	149	234	150	True
883	672	227	234	150	251	321	True
748	1265	155	156	157	158	159	True
1678	1677	148	249	249	150	160	False
385	384	227	227	154	174	321	False
1827	1826	171	246	147	247	251	False
304	303	153	None	None	None	None	False
2563	2562	247	173	248	251	321	False
2735	2734	763	765	767	1322	771	True
507	506	166	167	168	None	None	False
3517	3278	172	247	249	150	251	True
1684	1683	150	150	158	158	160	False
635	1259	155	156	157	158	159	True
3258	3259	155	156	157	158	159	True
1586	1747	155	156	157	158	159	True
2557	3587	155	156	157	158	159	True
505	504	148	167	156	None	None	False
319	2127	155	156	157	158	159	True
3153	3152	1307	1086	2180	916	175	True
1846	1847	155	156	157	158	159	True
621	1253	155	156	157	158	159	True
2498	1253	1325	1325	1085	1324	321	True
31	30	153	152	158	None	None	False
2044	2043	247	174	150	251	321	False
1516	1517	155	156	157	158	159	True
1730	1517	1327	173	1324	1329	321	True
1293	2070	155	156	157	158	159	True
2180	814	1325	1329	321	175	151	True
1070	1069	173	248	248	149	321	False
1662	2385	155	156	157	158	159	True
3298	3299	155	156	157	158	159	True
289	288	155	154	153	152	None	False
2078	1588	1085	251	321	250	151	True
1648	1647	246	251	321	175	151	False
499	1000	155	156	157	158	159	True
1240	1746	155	156	157	158	159	True
2905	1746	1325	916	1324	1329	151	True
214	1093	155	156	157	158	159	True
373	372	173	248	234	251	321	False
1240	1239	227	251	250	250	151	False
188	918	155	156	157	158	159	True
399	398	246	227	154	251	160	False
1271	1270	246	227	234	249	321	True
267	266	168	157	157	163	None	False
1221	931	234	249	251	321	151	True
2133	931	1325	147	1329	321	175	True
277	276	157	157	157	None	None	False
1707	1706	171	171	147	155	160	False
1690	1689	147	155	155	None	None	False
2148	2147	227	234	249	150	321	False
501	821	155	156	157	158	159	True
755	133	147	227	227	249	251	True
756	133	147	227	251	321	250	True
1726	133	1325	1085	1225	814	1329	True
1246	1245	174	249	249	150	251	False
804	1298	155	156	157	158	159	True
2280	1298	1327	1327	1295	1324	321	True
3503	1298	163	163	163	163	163	True
2948	651	1327	1327	1295	149	1328	True
1337	2082	155	156	157	158	159	True
3071	2082	1176	1328	1328	234	1324	True
39	38	156	None	None	None	None	False
1682	1681	149	149	157	157	160	False
2608	2607	1327	149	915	1328	150	True
761	302	247	227	227	251	250	True
806	805	174	234	249	249	150	False
822	2739	155	156	157	158	159	True
614	613	154	152	164	None	None	False
1925	365	247	148	234	251	321	True
3391	365	1294	1294	1294	247	148	True
119	1110	155	156	157	158	159	True
2260	2261	155	156	157	158	159	True
3266	2261	1923	2946	2720	985	2526	True
3200	3199	172	247	148	149	321	False
2731	2730	148	156	162	158	160	False
53	52	158	None	None	None	None	False
2666	2665	246	246	147	249	251	False
121	341	155	156	157	158	159	True
515	694	155	156	157	158	159	True
1727	694	1327	1328	174	1324	321	True
3541	3540	247	227	154	153	250	False
1082	1081	227	154	153	152	150	False
371	653	155	156	157	158	159	True
3006	3005	173	249	249	150	160	False
629	628	249	150	175	250	151	False
2566	1089	1326	1086	1086	1086	1329	True
3298	3297	246	174	249	150	251	True
131	1748	155	156	157	158	159	True
3270	1748	165	165	165	165	165	True
1337	1336	174	249	150	150	160	False
3513	3274	155	155	155	155	164	True
2441	2440	246	174	150	251	321	False
3536	1756	246	174	249	251	321	True
3114	3151	155	156	157	158	159	True
1179	1178	155	155	154	None	None	False
405	1213	155	156	157	158	159	True
776	220	227	249	251	321	250	True
1236	1742	155	156	157	158	159	True
1238	1237	247	227	249	150	251	False
121	339	155	156	157	158	159	True
1463	1462	174	249	150	251	250	False
385	1304	155	156	157	158	159	True
3349	3350	155	156	157	158	159	True
63	62	155	161	161	None	None	False
1897	1896	173	227	149	154	157	False
921	357	248	248	149	149	251	True
351	350	246	227	227	249	251	False
3305	3304	150	251	175	250	151	True
499	498	251	321	175	250	250	False
616	615	170	170	159	None	None	False
2044	2766	155	156	157	158	159	True
1281	1280	171	171	246	147	160	False
1831	1830	173	248	149	251	250	False
2932	2931	246	227	154	249	160	False
597	1737	155	156	157	158	159	True
623	1254	155	156	157	158	159	True
2499	1254	1326	1326	1294	1324	321	True
2040	2039	155	160	175	250	151	False
686	41	260	157	None	None	None	False
3524	3525	155	156	157	158	159	True
3417	2535	896	155	155	158	158	True
239	238	172	148	234	234	160	False
1129	3085	155	156	157	158	159	True
2424	3062	155	156	157	158	159	True
2246	2247	155	156	157	158	159	True
1835	3573	155	156	157	158	159	True
25	24	156	153	152	None	None	False
1658	1657	148	160	175	151	159	False
113	1109	155	156	157	158	159	True
3562	3561	160	151	170	170	159	False
3047	3046	161	160	151	170	159	False
2937	2936	153	152	157	None	None	False
1272	316	246	1176	1176	1176	251	True
2831	2830	234	150	158	160	159	False
2738	1223	1327	1327	248	149	149	True
833	832	156	156	None	None	None	False
1255	2500	155	156	157	158	159	True
365	364	172	247	234	251	321	False
487	486	154	251	160	151	151	False
1258	2504	155	156	157	158	159	True
994	491	246	246	234	251	321	True
995	491	171	147	915	915	321	True
2009	491	1325	2008	916	916	1465	True
7	6	156	153	None	None	None	False
1413	1412	155	155	161	154	160	False
2111	2110	159	165	165	None	None	False
2179	1108	246	147	251	321	250	True
3392	1108	1085	1085	1085	246	147	True
1871	1870	149	168	168	158	160	False
1256	2501	155	156	157	158	159	True
3155	3154	1273	2127	234	150	251	True
1193	560	173	173	248	251	321	True
1717	1716	227	149	249	321	160	False
419	418	172	227	227	234	251	False
2327	702	174	234	249	150	251	True
693	514	227	248	251	321	151	True
1209	514	173	248	1176	251	321	True
627	1256	155	156	157	158	159	True
2501	1256	1325	1176	1328	1324	321	True
1503	1502	171	147	155	227	154	False
746	745	171	246	246	147	251	False
139	988	155	156	157	158	159	True
1206	285	283	284	1176	286	287	True
226	225	174	234	234	150	160	False
237	1113	155	156	157	158	159	True
425	424	227	227	174	234	251	False
647	646	247	234	251	321	151	False
631	3531	155	156	157	158	159	True
828	827	150	169	169	None	None	False
3032	3033	155	156	157	158	159	True
1953	2746	155	156	157	158	159	True
1225	1224	617	246	227	154	251	False
432	431	153	153	157	None	None	False
951	950	156	162	162	None	None	False
317	1273	155	156	157	158	159	True
2265	3101	155	156	157	158	159	True
1748	3270	155	156	157	158	159	True
1586	1585	246	249	150	251	321	False
903	902	150	169	158	None	None	False
1252	1251	246	147	234	251	321	False
2032	2765	155	156	157	158	159	True
781	1343	155	156	157	158	159	True
2733	2732	273	275	277	282	279	True
835	1880	155	156	157	158	159	True
3	2	155	153	None	None	None	False
1268	754	246	251	321	250	151	True
1269	754	916	321	175	175	250	True
2076	754	2104	1248	1329	1329	1329	True
2242	2243	155	156	157	158	159	True
1335	1334	173	248	149	149	160	False
704	703	160	250	151	151	170	False
388	123	249	249	249	251	321	True
389	123	251	321	250	250	250	True
1533	123	599	1252	1085	1328	1329	True
925	924	321	175	250	250	151	False
2935	2934	247	227	154	160	250	False
572	891	155	156	157	158	159	True
3641	3642	155	156	157	158	159	True
1676	1675	147	249	249	150	160	False
754	1269	155	156	157	158	159	True
670	715	155	156	157	158	159	True
1829	2494	155	156	157	158	159	True
407	406	227	154	251	160	250	False
2289	2288	155	156	1182	1182	1182	True
601	600	152	None	None	None	None	False
683	1473	155	156	157	158	159	True
3235	1951	246	915	1176	234	150	True
3236	1951	915	1176	1176	234	251	True
2934	2933	156	153	152	None	None	False
2081	1335	173	248	248	149	251	True
2117	2116	172	247	247	148	251	False
3059	2422	246	1176	234	249	150	True
3060	2422	1176	234	249	150	250	True
2150	3580	155	156	157	158	159	True
269	268	169	158	158	164	None	False
917	188	915	915	915	309	309	True
918	188	916	916	916	261	261	True
2240	1983	171	246	246	147	251	True
2402	2401	174	150	251	175	151	False
3315	2726	2726	2726	2726	2726	2726	True
243	657	155	156	157	158	159	True
597	596	172	148	234	251	321	False
1114	239	247	148	248	234	251	True
1115	239	172	915	915	251	321	True
1955	239	1208	1326	1326	1326	1461	True
387	386	227	227	154	321	175	False
2514	3375	155	156	157	158	159	True
3355	2679	247	247	148	915	321	True
127	126	173	149	149	160	160	False
1250	1249	174	234	150	251	321	False
2424	2423	247	251	175	250	151	False
499	2013	155	156	157	158	159	True
3385	2013	165	165	165	165	165	True
3151	3114	156	156	900	157	157	True
1189	2807	155	156	157	158	159	True
2903	3499	155	156	157	158	159	True
2917	2918	155	156	157	158	159	True
3350	3349	249	150	251	321	250	True
1116	241	246	248	149	234	251	True
1117	241	173	915	915	251	321	True
1956	241	1209	1327	1327	1327	1629	True
113	324	155	156	157	158	159	True
988	139	249	249	150	251	321	True
1557	139	246	1176	1328	174	150	True
2324	139	1327	1945	1328	1328	810	True
2768	2767	916	251	175	250	151	True
2769	2767	915	234	249	150	151	True
1185	1184	154	158	158	None	None	False
655	375	227	234	249	251	321	True
1347	375	248	1176	249	251	321	True
2395	375	1326	2263	2320	1328	1328	True
1339	2083	155	156	157	158	159	True
3072	2083	1326	916	1324	1329	151	True
2697	2696	155	149	157	157	160	False
15	14	153	158	None	None	None	False
1297	2279	155	156	157	158	159	True
1785	2321	155	156	157	158	159	True
649	648	248	149	150	251	321	False
121	338	155	156	157	158	159	True
1736	1074	916	916	251	321	175	True
2662	1074	1325	2398	1329	1329	2069	True
1772	1771	147	166	155	None	None	False
218	774	155	156	157	158	159	True
1220	2105	155	156	157	158	159	True
1983	1982	246	246	147	166	160	False
800	2981	155	156	157	158	159	True
1273	317	247	1176	1176	1176	251	True
3344	3343	246	147	251	321	250	True
603	602	152	None	None	None	None	False
3023	3022	155	150	169	158	160	False
802	1297	155	156	157	158	159	True
2279	1297	1326	1294	1327	248	1324	True
1985	1984	249	249	150	158	160	False
95	94	169	158	158	158	164	False
748	2074	155	156	157	158	159	True
2069	2068	248	149	251	250	151	False
231	103	173	227	149	157	234	False
3523	3284	174	249	251	250	151	True
2088	1155	173	227	248	149	251	True
475	192	166	166	155	154	None	False
2925	1360	1085	1086	1087	1176	150	True
316	1272	155	156	157	158	159	True
1277	1276	227	227	249	251	151	False
2676	2677	155	156	157	158	159	True
3354	2677	916	916	1324	321	175	True
196	195	157	157	163	None	None	False
1258	633	247	247	148	1176	321	True
3532	633	1326	1326	2263	1327	2639	True
2328	1203	171	246	915	251	321	True
935	1476	155	156	157	158	159	True
1062	1061	227	154	250	250	151	False
668	667	227	154	175	250	151	False
964	963	171	246	246	227	154	False
135	2322	155	156	157	158	159	True
3386	2322	162	162	162	162	162	True
271	270	170	159	159	165	None	False
3294	2782	1326	247	148	1327	321	True
987	137	248	248	149	251	321	True
1556	137	1327	1295	173	149	249	True
2323	137	2006	1325	1327	1327	2129	True
1250	2946	155	156	157	158	159	True
205	1106	155	156	157	158	159	True
1922	1923	155	156	157	158	159	True
1991	1990	149	152	157	None	None	False
746	1262	155	156	157	158	159	True
2184	2183	171	246	147	249	251	False
6	5	152	None	None	None	None	False
115	114	148	156	154	154	153	False
399	1210	155	156	157	158	159	True
390	125	249	249	249	251	321	True
391	125	251	321	250	250	250	True
1534	125	597	1532	1294	1328	1329	True
721	720	150	169	158	None	None	False
785	1459	155	156	157	158	159	True
2683	2682	150	150	158	158	160	False
3249	3224	898	156	156	159	159	False
574	573	174	234	249	150	251	False
1711	1710	173	227	149	249	251	False
2628	2627	166	149	157	163	160	False
2971	2144	1326	1086	1086	148	1328	True
731	730	251	321	250	151	151	False
1232	1738	155	156	157	158	159	True
2388	1668	246	234	251	321	151	True
3455	1668	1294	247	916	321	175	True
133	756	155	156	157	158	159	True
1735	2660	155	156	157	158	159	True
1261	2506	155	156	157	158	159	True
1005	1003	227	154	153	152	158	False
123	389	155	156	157	158	159	True
3238	389	161	161	161	161	161	True
2825	1688	1295	248	149	234	249	True
2921	2922	155	156	157	158	159	True
2418	2417	172	247	148	248	251	False
5	1930	152	None	None	None	None	False
3074	3073	1327	2741	2987	1422	2127	True
416	415	171	227	227	234	251	False
1812	1811	246	246	147	227	160	False
265	264	167	156	156	162	None	False
3537	1758	248	251	321	175	250	True
3206	3205	150	321	175	250	151	False
3314	2725	2725	2725	2725	2725	2725	True
12	1921	155	156	157	158	159	True
788	787	147	166	161	None	None	False
1216	629	172	251	321	250	151	True
119	118	154	154	153	150	158	False
237	1954	155	156	157	158	159	True
3241	1954	161	161	161	161	161	True
2713	2712	147	227	227	234	250	False
1098	1097	149	149	234	251	321	False
2972	2146	1327	1087	1087	149	1328	True
2249	1971	173	916	251	321	175	True
2496	1833	246	174	150	251	321	True
11	10	153	157	None	None	None	False
1234	1740	155	156	157	158	159	True
119	336	155	156	157	158	159	True
2745	1949	1086	1086	251	250	151	True
599	598	171	147	234	251	321	False
3411	3410	149	174	249	150	251	False
216	772	155	156	157	158	159	True
2263	2262	172	247	148	251	321	False
1953	1952	248	251	321	175	151	False
1507	1506	227	154	174	150	158	False
700	699	248	149	149	168	160	False
1215	683	1085	1086	1087	916	261	True
1473	683	974	975	976	977	978	True
1712	683	540	541	542	543	544	True
885	884	250	250	151	170	None	False
2525	2526	155	156	157	158	159	True
1877	1876	173	227	149	249	160	False
743	742	154	153	168	157	160	False
645	644	247	234	251	321	151	False
792	791	149	153	163	None	None	False
491	994	155	156	157	158	159	True
2927	994	2926	246	1176	234	249	True
3272	994	161	161	161	161	161	True
1153	1152	172	247	247	148	227	False
2989	2988	1273	1294	2987	916	916	True
2565	2564	246	172	247	251	321	False
215	1094	155	156	157	158	159	True
1099	201	246	246	234	251	321	True
639	638	175	250	250	151	151	False
781	780	254	257	260	181	178	False
1155	1154	173	227	248	248	149	False
481	8	227	234	251	321	321	True
481	8	227	234	251	321	321	True
481	8	227	234	251	321	321	True
481	8	227	234	251	321	321	True
1920	8	1085	1326	1086	1327	1087	True
1920	8	1085	1326	1086	1327	1087	True
1920	8	1085	1326	1086	1327	1087	True
1920	8	1085	1326	1086	1327	1087	True
421	420	154	154	168	163	160	False
687	43	181	158	None	None	None	False
2626	2625	160	151	170	159	165	False
2689	2688	248	149	251	321	250	False
1161	1160	174	249	249	150	160	False
1631	1630	227	309	249	251	250	False
3109	2273	234	916	175	250	151	True
3110	2273	915	234	249	175	151	True
1535	3240	155	156	157	158	159	True
3268	3267	246	234	249	251	321	False
2746	1953	149	916	916	321	151	True
1220	1219	171	246	249	150	251	False
1841	1840	1325	1326	1458	2277	1091	True
656	377	227	234	251	321	250	True
1348	377	1294	247	251	321	250	True
2396	377	1328	2400	918	1329	1329	True
931	930	234	249	251	321	250	False
3039	3038	171	246	147	251	250	False
1	1929	152	None	None	None	None	False
3547	3546	227	248	154	153	250	False
2494	1829	172	148	249	251	321	True
1201	706	247	148	916	251	321	True
2970	2142	1325	1085	1085	147	1328	True
3260	2142	1325	1325	1085	1085	147	True
625	624	173	248	149	249	150	False
984	512	147	234	249	251	321	True
2672	2671	249	249	249	150	251	False
1257	631	246	246	147	1176	321	True
3531	631	1325	1325	2398	1326	2263	True
2119	2118	160	250	151	170	159	False
3555	3556	155	156	157	158	159	True
1829	1828	172	247	148	249	251	False
26	25	156	154	154	153	152	False
1595	1601	155	156	157	158	159	True
375	374	174	234	249	251	321	False
3006	3007	155	156	157	158	159	True
839	838	155	155	161	None	None	False
3202	3201	147	173	248	149	321	False
483	16	227	234	251	321	321	True
1505	1504	172	148	156	227	154	False
1476	935	247	251	321	250	151	True
2134	935	1329	1329	321	175	151	True
1853	1852	148	159	159	None	None	False
375	2395	155	156	157	158	159	True
1236	2903	155	156	157	158	159	True
3499	2903	163	163	163	163	163	True
2305	2304	166	155	161	None	None	False
893	576	246	251	321	175	151	True
2239	576	1295	1295	321	250	151	True
2751	576	1326	2263	645	1329	1329	True
2144	2143	247	148	227	234	321	False
302	761	155	156	157	158	159	True
2309	2308	152	157	163	None	None	False
2980	3450	155	156	157	158	159	True
715	670	171	246	147	251	321	True
882	670	246	147	247	251	321	True
1059	670	246	147	234	249	251	True
690	59	148	167	152	None	None	False
1664	1663	173	248	248	149	160	False
1756	3536	155	156	157	158	159	True
99	98	166	166	155	155	161	False
1660	3451	155	156	157	158	159	True
3424	3423	173	248	149	249	160	False
3105	2269	173	248	149	915	234	True
3106	2269	173	149	234	916	250	True
714	713	153	151	159	None	None	False
2567	914	1327	1087	1087	1087	1329	True
663	662	153	170	159	165	None	False
2603	2602	246	246	147	1176	251	True
3276	3515	155	156	157	158	159	True
190	985	155	156	157	158	159	True
702	701	249	150	150	169	160	False
113	325	155	156	157	158	159	True
2535	3417	155	156	157	158	159	True
2555	2554	246	172	247	148	251	False
511	510	154	170	159	None	None	False
2113	2112	246	147	166	155	160	False
3156	3157	155	156	157	158	159	True
2392	3482	155	156	157	158	159	True
2280	3503	155	156	157	158	159	True
2983	3503	155	156	157	158	159	True
806	2984	155	156	157	158	159	True
3504	2984	164	164	164	164	164	True
1058	1057	174	249	321	175	250	False
566	565	171	246	147	166	321	False
2077	3490	155	156	157	158	159	True
2389	3490	155	156	157	158	159	True
4	3	147	155	154	153	152	False
2753	2754	155	156	157	158	159	True
2782	3294	155	156	157	158	159	True
115	1095	155	156	157	158	159	True
1465	1464	249	251	175	250	151	False
3007	3006	173	248	1176	234	251	True
428	1515	155	156	157	158	159	True
1837	1836	246	173	149	149	251	False
411	145	227	249	249	249	251	True
476	194	167	167	156	154	None	False
245	1927	155	156	157	158	159	True
672	883	155	156	157	158	159	True
1298	2280	155	156	157	158	159	True
205	97	160	175	151	159	159	False
1793	2317	155	156	157	158	159	True
359	922	155	156	157	158	159	True
403	1212	155	156	157	158	159	True
2324	3388	155	156	157	158	159	True
887	1060	155	156	157	158	159	True
2206	2205	1536	1325	985	916	1329	True
825	232	234	249	150	251	321	True
2422	3060	155	156	157	158	159	True
2416	3053	155	156	157	158	159	True
823	230	247	148	234	251	321	True
1253	621	1085	246	246	147	321	True
1232	1231	246	246	147	227	251	False
1358	1357	154	160	175	250	151	False
694	515	227	248	234	249	321	True
310	63	148	156	156	156	160	True
311	63	149	157	157	157	160	True
625	1255	155	156	157	158	159	True
2500	1255	1327	1327	1295	1324	321	True
2833	2832	246	251	321	151	170	False
129	394	155	156	157	158	159	True
773	217	247	227	251	321	250	True
2791	2790	234	150	251	321	151	False
2443	2442	172	148	251	321	250	False
314	67	147	155	155	155	160	True
315	67	148	156	156	156	160	True
3018	3019	155	156	157	158	159	True
2641	2640	246	251	321	250	151	False
3361	3360	249	251	175	175	151	False
137	987	155	156	157	158	159	True
1686	1685	160	151	151	159	159	False
689	57	147	166	152	None	None	False
49	48	156	None	None	None	None	False
293	292	247	148	227	154	251	False
2083	1339	247	251	321	175	151	True
3596	1339	1327	2838	2947	1329	1329	True
1664	3453	155	156	157	158	159	True
2038	2037	173	149	249	251	321	False
119	334	155	156	157	158	159	True
568	889	155	156	157	158	159	True
1518	3111	155	156	157	158	159	True
1064	1063	159	159	165	None	None	False
1732	1066	1085	1085	246	147	251	True
3509	1066	2006	1325	1325	1326	2182	True
643	3535	155	156	157	158	159	True
1461	1460	247	148	148	249	251	False
910	77	151	170	159	None	None	False
2732	2733	155	156	157	158	159	True
1989	1988	148	167	156	None	None	False
2687	2686	149	157	150	158	160	False
2773	2772	171	246	147	150	251	False
1742	1236	248	149	249	251	321	True
1743	1236	1085	1085	149	251	321	True
2903	1236	1327	1327	1327	1711	1425	True
425	1514	155	156	157	158	159	True
209	53	169	158	158	158	160	False
219	775	155	156	157	158	159	True
3019	3018	1325	171	246	147	1176	True
3553	3018	2006	1325	1325	1325	2722	True
139	2324	155	156	157	158	159	True
3388	2324	164	164	164	164	164	True
639	1553	155	156	157	158	159	True
1248	1247	251	175	250	250	151	False
797	1002	227	154	154	249	179	False
2311	2310	158	158	164	None	None	False
744	1190	155	156	157	158	159	True
2011	3384	155	156	157	158	159	True
2929	3384	155	156	157	158	159	True
3639	3640	155	156	157	158	159	True
1774	1773	148	167	156	None	None	False
949	948	155	161	161	None	None	False
1331	1330	171	246	147	147	160	False
3518	3279	171	246	251	250	151	True
127	1535	155	156	157	158	159	True
3240	1535	163	163	163	163	163	True
1070	1734	155	156	157	158	159	True
2659	1734	1327	1327	1295	149	1324	True
1293	1292	227	174	249	150	251	False
2387	1666	247	234	150	251	321	True
3454	1666	246	915	1176	174	321	True
2777	2776	246	174	249	150	251	False
282	281	158	158	158	160	160	False
2726	3315	155	156	157	158	159	True
3457	3456	1295	916	916	2809	321	True
2808	1945	1327	248	149	1328	234	True
3237	1363	173	227	149	149	251	False
3245	3244	1085	1085	2947	916	2128	True
522	519	227	154	153	152	157	False
135	1555	155	156	157	158	159	True
514	1209	155	156	157	158	159	True
2	1	152	None	None	None	None	False
71	70	156	162	None	None	None	False
2758	2757	2182	1294	1294	1294	2104	True
1590	1589	171	246	147	227	251	False
2892	1119	1326	1328	234	249	150	True
2729	2728	158	160	151	159	159	False
570	569	172	247	148	234	251	False
2748	3493	155	156	157	158	159	True
316	79	171	147	147	321	160	False
3093	2938	247	227	227	149	251	True
959	958	159	165	165	None	None	False
568	2235	155	156	157	158	159	True
1534	3239	155	156	157	158	159	True
1536	599	1325	1325	1325	246	916	True
738	1713	155	156	157	158	159	True
3520	3281	171	246	247	148	251	True
2986	2987	155	156	157	158	159	True
107	106	166	166	166	166	155	False
2765	2032	916	175	250	151	151	True
1304	385	227	915	150	321	250	True
3204	3203	148	174	249	150	321	False
2894	1629	1327	149	1329	321	250	True
220	776	155	156	157	158	159	True
334	119	246	246	246	227	251	True
335	119	247	247	247	227	251	True
336	119	227	248	248	248	251	True
337	119	227	251	250	250	250	True
1110	119	1085	1087	227	249	321	True
1513	422	173	248	149	251	321	True
3282	3521	155	156	157	158	159	True
2760	2759	2184	1176	1176	1176	1246	True
123	1533	155	156	157	158	159	True
3238	1533	161	161	161	161	161	True
1163	2089	155	156	157	158	159	True
2677	3354	155	156	157	158	159	True
710	709	154	153	158	None	None	False
322	113	247	247	247	227	251	True
323	113	227	248	248	248	251	True
324	113	227	249	249	249	251	True
325	113	227	251	250	250	250	True
1109	113	1085	1085	246	227	321	True
1987	1986	147	166	161	None	None	False
2148	3233	155	156	157	158	159	True
133	1726	155	156	157	158	159	True
3271	1726	161	161	161	161	161	True
694	1727	155	156	157	158	159	True
3088	1727	248	915	3087	234	321	True
3158	3159	155	156	157	158	159	True
985	190	916	916	916	261	261	True
802	2982	155	156	157	158	159	True
2557	3586	155	156	157	158	159	True
2674	2673	251	250	250	250	151	False
330	117	246	246	246	227	251	True
331	117	247	247	247	227	251	True
332	117	227	249	249	249	251	True
333	117	227	251	250	250	250	True
1096	117	1087	1087	227	248	321	True
2938	2937	247	227	248	154	160	False
1066	1732	155	156	157	158	159	True
2657	1732	1325	1325	1085	147	1324	True
501	500	246	247	248	249	250	False
1062	2947	155	156	157	158	159	True
1668	3455	155	156	157	158	159	True
520	517	155	227	154	153	152	False
2385	1662	247	148	234	251	321	True
3452	1662	1086	1294	172	247	321	True
1861	1860	246	147	174	249	251	False
1859	1858	246	147	251	250	151	False
1973	1972	171	147	234	249	160	False
3233	2148	915	1176	234	249	150	True
3234	2148	915	916	916	321	151	True
3057	2420	248	149	1176	234	250	True
3058	2420	247	248	149	1176	234	True
3092	2935	148	227	227	251	250	True
1070	3511	155	156	157	158	159	True
1223	1222	173	248	149	149	251	False
1859	2445	155	156	157	158	159	True
2391	1461	1326	1294	148	1328	150	True
2073	3487	155	156	157	158	159	True
204	95	174	150	158	158	160	False
830	829	151	170	170	None	None	False
572	2237	155	156	157	158	159	True
660	659	227	149	154	153	152	False
293	758	155	156	157	158	159	True
1257	2503	155	156	157	158	159	True
2614	2613	149	157	150	158	160	False
239	1114	155	156	157	158	159	True
3242	1114	162	162	162	162	162	True
2290	2318	155	156	157	158	159	True
1688	2825	155	156	157	158	159	True
139	138	174	150	150	160	160	False
917	2928	155	156	157	158	159	True
1861	2444	155	156	157	158	159	True
2586	2585	149	149	157	None	None	False
1676	2824	155	156	157	158	159	True
63	311	155	156	157	158	159	True
3521	3282	248	149	174	249	251	True
1515	428	251	321	175	250	151	True
3284	3523	155	156	157	158	159	True
1664	2386	155	156	157	158	159	True
1131	2752	155	156	157	158	159	True
117	332	155	156	157	158	159	True
953	952	157	163	163	None	None	False
1285	1284	172	172	247	148	160	False
2307	2306	156	156	162	None	None	False
188	187	227	234	251	321	160	False
3075	1867	247	148	234	251	321	True
1072	1071	174	249	249	150	321	False
3526	3527	155	156	157	158	159	True
2059	2058	171	251	321	151	151	False
2146	2972	155	156	157	158	159	True
1108	3392	155	156	157	158	159	True
1863	1862	172	247	148	249	251	False
2075	3489	155	156	157	158	159	True
1232	2901	155	156	157	158	159	True
1137	1136	155	161	159	None	None	False
1271	1728	155	156	157	158	159	True
651	2948	155	156	157	158	159	True
746	1263	155	156	157	158	159	True
2745	3090	155	156	157	158	159	True
3352	3351	247	251	321	250	151	True
2076	3491	155	156	157	158	159	True
1645	912	1085	1085	1085	1085	1329	True
3274	3513	155	156	157	158	159	True
1165	1164	227	234	249	251	321	False
1847	1846	1712	1473	1326	1215	1329	True
1232	1739	155	156	157	158	159	True
3278	3517	155	156	157	158	159	True
1331	2079	155	156	157	158	159	True
3068	2079	1325	1325	1176	234	1324	True
1588	1587	246	251	321	250	151	False
1855	1854	175	165	165	None	None	False
631	630	171	246	147	250	151	False
1971	1970	227	160	175	250	151	False
748	747	172	247	247	148	251	False
3588	2559	247	915	174	234	150	True
3589	2559	1176	234	249	150	251	True
320	2128	155	156	157	158	159	True
649	1422	155	156	157	158	159	True
146	412	155	156	157	158	159	True
3516	3277	248	149	251	175	250	True
141	990	155	156	157	158	159	True
3087	3086	246	174	249	150	251	False
1153	2087	155	156	157	158	159	True
2902	3498	155	156	157	158	159	True
969	968	153	157	163	None	None	False
1309	1308	166	155	155	None	None	False
4	1919	155	156	157	158	159	True
373	1346	155	156	157	158	159	True
137	2323	155	156	157	158	159	True
3387	2323	163	163	163	163	163	True
371	2393	155	156	157	158	159	True
2420	2419	173	248	149	251	250	False
34	33	153	152	159	None	None	False
1538	1537	155	155	155	None	None	False
2444	1861	1325	147	1176	1328	150	True
401	1211	155	156	157	158	159	True
2091	2092	155	156	157	158	159	True
765	764	156	156	156	None	None	False
125	124	172	148	148	160	160	False
757	290	246	227	227	248	251	True
428	427	227	227	234	251	175	False
377	376	234	251	321	175	250	False
897	896	147	166	155	None	None	False
2919	2920	155	156	157	158	159	True
645	1371	155	156	157	158	159	True
2102	2101	248	251	250	151	170	False
1625	1624	174	174	150	158	160	False
1652	1651	172	148	156	149	160	False
2420	3057	155	156	157	158	159	True
570	2236	155	156	157	158	159	True
263	262	166	155	155	161	None	False
2737	2736	1602	1190	1459	1207	1329	True
643	1644	155	156	157	158	159	True
243	1926	155	156	157	158	159	True
2685	2684	147	155	149	157	160	False
230	101	172	148	156	234	160	False
637	636	174	249	150	250	151	False
363	362	173	248	234	251	321	False
131	397	155	156	157	158	159	True
2559	2558	247	174	249	150	251	False
558	1192	155	156	157	158	159	True
2938	3093	155	156	157	158	159	True
20	484	155	156	157	158	159	True
1780	1779	151	170	159	None	None	False
1264	748	247	148	248	251	321	True
1265	748	172	247	916	321	175	True
2074	748	1326	1326	1326	2182	2104	True
203	1102	155	156	157	158	159	True
3283	3522	155	156	157	158	159	True
822	229	246	147	234	251	321	True
1302	381	1294	1294	148	227	321	True
2749	3494	155	156	157	158	159	True
12	482	155	156	157	158	159	True
14	13	152	None	None	None	None	False
2267	2266	147	172	247	148	251	False
637	1261	155	156	157	158	159	True
2506	1261	1328	150	916	1324	1329	True
1151	2086	155	156	157	158	159	True
133	755	155	156	157	158	159	True
516	111	227	234	251	321	250	False
141	2325	155	156	157	158	159	True
3389	2325	165	165	165	165	165	True
2756	2755	2184	1085	1085	1085	1590	True
820	819	148	148	149	321	321	False
560	1193	155	156	157	158	159	True
1066	1065	171	246	246	147	321	False
410	144	227	248	248	248	251	True
2243	2242	171	246	147	612	251	True
353	352	246	246	147	251	160	False
564	563	175	175	250	151	170	False
2150	3581	155	156	157	158	159	True
3357	3356	246	246	147	1176	251	True
2130	544	540	541	542	1525	543	True
1108	1107	171	246	234	251	321	False
2605	2604	249	150	251	175	151	False
2424	3061	155	156	157	158	159	True
18	17	152	None	None	None	None	False
772	216	246	247	227	251	321	True
212	26	148	156	227	154	160	False
438	437	147	154	154	None	None	False
2526	2525	2127	1207	1329	1329	2128	True
584	583	153	157	None	None	None	False
837	836	158	158	164	None	None	False
1629	1628	173	248	149	251	175	False
2993	2992	172	247	234	251	321	False
3332	3447	155	156	157	158	159	True
754	1268	155	156	157	158	159	True
1316	1315	160	175	151	None	None	False
1274	318	248	1176	1176	1176	251	True
1822	1821	147	227	251	321	250	False
2127	319	1272	1273	1274	1176	1176	True
2261	2260	1328	1215	2180	916	1329	True
927	926	171	171	246	147	251	False
1672	1671	246	248	149	251	321	False
3456	3457	155	156	157	158	159	True
920	355	247	247	148	148	251	True
295	294	154	153	152	157	None	False
2624	2623	147	166	155	161	160	False
2090	1165	234	249	150	251	321	True
914	913	227	248	149	251	321	False
1203	2328	155	156	157	158	159	True
775	219	227	248	249	251	321	True
2771	2770	248	248	149	234	251	False
3331	3332	155	156	157	158	159	True
3447	3332	1085	1085	147	3087	1324	True
2323	3387	155	156	157	158	159	True
568	2747	155	156	157	158	159	True
1192	558	172	172	247	251	321	True
3372	2945	247	173	149	251	321	True
3373	2945	1087	1295	1295	149	321	True
3037	3036	149	168	160	170	159	False
3152	3153	155	156	157	158	159	True
2571	1985	234	249	249	150	251	True
2979	3449	155	156	157	158	159	True
133	132	171	147	147	160	160	False
841	840	173	149	150	251	321	False
750	2075	155	156	157	158	159	True
1052	1051	148	156	156	None	None	False
2638	2639	155	156	157	158	159	True
19	18	153	159	None	None	None	False
111	110	170	170	170	170	159	False
2261	3266	155	156	157	158	159	True
767	766	154	154	154	None	None	False
3640	3639	2718	1843	2807	1206	2754	True
672	671	227	227	248	149	249	False
1666	1665	247	174	249	150	160	False
1875	1874	147	166	155	158	160	False
1419	1418	154	158	158	164	160	False
2288	2289	155	156	157	158	159	True
574	2238	155	156	157	158	159	True
359	358	249	249	150	251	160	False
2107	2106	157	163	163	None	None	False
2313	2312	159	159	165	None	None	False
657	243	227	227	227	251	321	True
1926	243	227	915	1328	249	321	True
2979	243	1327	2838	1328	1328	1631	True
1733	2658	155	156	157	158	159	True
1746	2905	155	156	157	158	159	True
123	388	155	156	157	158	159	True
3238	388	161	161	161	161	161	True
222	221	172	148	234	234	160	False
2806	810	1325	1328	234	249	150	True
1421	1420	154	160	159	159	165	False
1145	1144	158	159	165	None	None	False
512	984	155	156	157	158	159	True
3409	3408	916	1329	1329	321	151	True
2144	2971	155	156	157	158	159	True
1838	1839	155	156	157	158	159	True
345	344	148	148	None	None	None	False
3018	3553	155	156	157	158	159	True
2121	2120	174	249	249	150	251	False
2663	1670	1085	1085	147	247	251	True
1356	3083	155	156	157	158	159	True
1666	3454	155	156	157	158	159	True
2784	2783	246	147	174	158	160	False
608	607	147	155	155	None	None	False
2016	2015	1182	1182	1182	50	52	True
2810	2015	1327	1422	915	1328	234	True
2811	2015	1327	1327	1295	1422	234	True
2557	2556	173	248	149	249	251	False
605	280	604	150	169	158	None	False
3264	3448	155	156	157	158	159	True
2013	3385	155	156	157	158	159	True
834	833	156	156	162	None	None	False
409	143	247	247	247	227	251	True
369	2392	155	156	157	158	159	True
3482	2392	161	161	161	161	161	True
2138	2137	248	251	175	250	151	False
57	56	161	None	None	None	None	False
1833	1832	246	174	249	150	251	False
2036	2035	172	247	148	251	321	False
1619	1618	173	149	157	157	160	False
1696	1695	149	168	159	None	None	False
2109	2108	158	164	164	None	None	False
1899	1898	227	154	175	151	159	False
2987	2986	1206	1274	1295	249	251	True
383	382	173	227	227	154	321	False
1744	1238	915	249	150	251	321	True
1745	1238	247	249	150	251	321	True
2904	1238	1326	2104	1246	1328	1328	True
2252	2253	155	156	157	158	159	True
3262	2253	2716	1839	2092	1090	2722	True
3580	2150	916	916	916	321	151	True
3581	2150	249	251	321	175	151	True
973	972	247	227	234	249	321	True
299	298	227	154	249	150	251	False
3297	3298	155	156	157	158	159	True
3299	3298	1325	1176	234	249	150	True
670	669	171	246	147	155	227	False
1726	3271	155	156	157	158	159	True
1305	387	227	249	916	321	151	True
127	392	155	156	157	158	159	True
3089	392	1295	248	3087	249	321	True
3240	392	163	163	163	163	163	True
2779	2780	155	156	157	158	159	True
2267	3103	155	156	157	158	159	True
2015	2016	155	156	157	158	159	True
889	568	171	147	251	321	250	True
2235	568	246	147	915	1176	321	True
2747	568	1325	1325	2722	1327	1754	True
3025	3024	246	147	248	149	251	False
1236	1743	155	156	157	158	159	True
1074	2662	155	156	157	158	159	True
105	104	169	169	158	158	164	False
1951	3235	155	156	157	158	159	True
190	189	175	175	178	151	151	False
412	146	227	251	250	250	250	True
2256	2257	155	156	157	158	159	True
3264	2257	2718	1843	1223	2754	1092	True
3448	2257	1327	1327	1472	1328	1328	True
3448	2257	1327	1327	1472	1328	1328	True
207	49	167	156	156	156	160	False
347	346	154	153	153	152	152	False
1613	2929	155	156	157	158	159	True
3033	3032	916	1329	321	175	151	True
3554	3032	916	916	251	321	151	True
3348	3347	248	149	249	251	321	True
279	278	159	159	159	None	None	False
1234	1741	155	156	157	158	159	True
2384	1660	147	248	234	251	321	True
3451	1660	171	246	915	1176	234	True
2046	2045	171	246	147	160	159	False
2245	2244	249	150	160	250	151	False
233	109	227	234	175	151	159	False
491	490	171	246	246	251	321	False
1358	3084	155	156	157	158	159	True
966	965	156	162	153	None	None	False
2128	320	1272	1273	1274	1176	1176	True
361	923	155	156	157	158	159	True
2736	2737	155	156	157	158	159	True
129	128	174	150	150	160	160	False
2253	2252	1252	1325	2092	1085	1329	True
3101	2265	171	246	147	915	234	True
3102	2265	171	147	234	916	250	True
835	834	247	247	247	247	247	False
2916	2915	246	147	234	249	321	True
781	1342	155	156	157	158	159	True
365	3391	155	156	157	158	159	True
2978	2926	171	246	246	147	251	False
2495	1831	173	149	251	321	250	True
3571	1831	1295	1295	248	149	251	True
115	327	155	156	157	158	159	True
43	42	158	None	None	None	None	False
2602	2601	246	147	251	251	321	False
2559	3588	155	156	157	158	159	True
3351	3352	155	156	157	158	159	True
2890	2891	155	156	157	158	159	True
2445	1859	1325	147	916	1329	321	True
3304	3305	155	156	157	158	159	True
1254	2499	155	156	157	158	159	True
1360	1359	227	249	150	251	321	False
2042	2041	172	148	249	251	321	False
612	611	167	168	251	None	None	False
237	1112	155	156	157	158	159	True
245	244	227	234	234	175	151	False
1670	1669	246	147	247	251	321	False
491	2009	155	156	157	158	159	True
3272	2009	161	161	161	161	161	True
1629	2894	155	156	157	158	159	True
2549	2548	149	149	149	249	251	False
1375	1374	247	227	249	150	251	False
2699	2698	147	155	155	158	160	False
479	200	154	170	170	159	None	False
3013	3012	1086	3011	917	2946	915	True
1155	2088	155	156	157	158	159	True
3009	3008	249	150	158	160	250	False
627	626	174	249	249	150	150	False
550	549	157	163	163	None	None	False
228	1317	155	156	157	158	159	True
560	559	173	173	248	149	168	False
3280	3519	155	156	157	158	159	True
422	421	173	227	227	234	251	False
3514	3275	246	147	251	175	250	True
961	960	171	246	172	247	251	False
1945	2808	155	156	157	158	159	True
778	2129	155	156	157	158	159	True
349	348	249	249	158	158	158	False
67	314	155	156	157	158	159	True
1092	213	1085	1087	227	248	321	True
3157	3156	1294	1274	1295	1295	3155	True
2255	2254	1737	1326	1086	1227	1329	True
2150	2149	227	234	321	250	151	False
1660	1659	171	246	147	248	160	False
2679	3355	155	156	157	158	159	True
202	1100	155	156	157	158	159	True
2918	2917	246	247	148	234	321	True
763	762	161	161	161	None	None	False
3586	2557	173	248	149	915	234	True
3587	2557	1295	173	248	149	251	True
319	85	174	150	150	321	160	False
121	340	155	156	157	158	159	True
65	64	156	162	162	None	None	False
1955	3242	155	156	157	158	159	True
192	191	155	155	161	None	None	False
497	2012	155	156	157	158	159	True
3273	2012	164	164	164	164	164	True
51	50	157	None	None	None	None	False
228	182	182	183	184	185	186	False
1100	202	247	247	234	251	321	True
1778	1777	150	169	158	None	None	False
825	2742	155	156	157	158	159	True
2676	3353	155	156	157	158	159	True
363	1423	155	156	157	158	159	True
2258	2259	155	156	157	158	159	True
3265	2259	2719	917	1923	2528	918	True
1750	1749	147	155	148	156	160	False
215	35	227	154	160	151	159	False
2592	2591	249	251	321	175	250	False
2734	2735	155	156	157	158	159	True
2759	2760	155	156	157	158	159	True
1532	1531	172	247	148	249	251	False
2449	2448	156	150	169	158	160	False
2809	2069	1327	234	1329	250	151	True
1291	1290	227	160	175	250	151	False
1827	2493	155	156	157	158	159	True
1322	769	234	249	249	251	321	True
2254	2255	155	156	157	158	159	True
3263	2255	2717	1841	1461	2277	1091	True
2691	2690	247	247	148	148	251	False
906	69	147	166	155	None	None	False
2247	2246	247	148	234	150	251	True
2248	2246	172	148	173	612	251	True
129	395	155	156	157	158	159	True
572	571	173	248	149	234	251	False
3414	3413	247	149	234	251	321	False
1831	2495	155	156	157	158	159	True
2271	3108	155	156	157	158	159	True
1752	1751	148	156	149	157	160	False
666	349	227	154	249	249	150	False
1125	1124	173	248	149	149	251	False
556	1191	155	156	157	158	159	True
1214	407	916	916	251	250	151	True
357	356	248	248	149	251	160	False
1342	781	1325	1326	1327	1328	1328	True
1343	781	1325	1326	1327	1329	1329	True
3545	3544	246	227	154	153	249	False
245	658	155	156	157	158	159	True
233	826	155	156	157	158	159	True
2743	826	165	165	165	165	165	True
2804	2805	155	156	157	158	159	True
576	2239	155	156	157	158	159	True
55	54	159	None	None	None	None	False
1644	643	1326	1294	916	251	321	True
3535	643	916	916	321	250	151	True
2767	2769	155	156	157	158	159	True
1254	623	1294	1294	247	148	321	True
1000	499	916	916	321	175	151	True
1001	499	234	251	321	250	250	True
2013	499	2008	916	916	1329	1465	True
245	2980	155	156	157	158	159	True
3450	2980	165	165	165	165	165	True
995	2927	155	156	157	158	159	True
1270	1271	155	156	157	158	159	True
1728	1271	1325	171	1328	1324	321	True
513	692	155	156	157	158	159	True
1074	1073	321	175	250	250	151	False
392	127	249	249	249	251	321	True
393	127	251	321	250	250	250	True
1535	127	651	1189	1295	1328	1329	True
2923	2924	155	156	157	158	159	True
1242	1241	227	149	249	251	321	False
1873	1872	174	150	158	160	159	False
125	1534	155	156	157	158	159	True
3239	1534	162	162	162	162	162	True
3301	3300	171	147	155	160	250	False
1461	2391	155	156	157	158	159	True
912	1645	155	156	157	158	159	True
2416	3054	155	156	157	158	159	True
2559	3589	155	156	157	158	159	True
574	892	155	156	157	158	159	True
427	426	154	154	160	170	165	False
1255	625	1295	1295	248	149	321	True
1074	1736	155	156	157	158	159	True
2661	1736	916	1324	1329	1329	151	True
3154	3155	155	156	157	158	159	True
2780	2779	1176	234	249	249	251	True
955	954	158	164	164	None	None	False
1187	1186	154	159	159	None	None	False
1668	1667	246	160	175	250	151	False
562	561	174	174	249	150	169	False
2259	2258	1176	1328	1328	1463	1631	True
2762	2761	2182	916	916	916	1248	True
2422	3059	155	156	157	158	159	True
301	300	154	153	152	159	None	False
806	1299	155	156	157	158	159	True
3504	1299	164	164	164	164	164	True
3041	3040	149	157	157	163	160	False
1262	746	246	147	248	251	321	True
1263	746	171	246	915	174	321	True
2073	746	1325	1325	1325	1590	1425	True
73	72	157	163	None	None	None	False
1205	1204	251	250	250	151	151	False
1851	1850	250	159	159	None	None	False
1006	1004	227	154	153	152	159	False
1951	1950	246	174	150	251	321	False
676	675	152	159	165	None	None	False
2812	2017	1180	1180	156	1186	159	True
2032	2031	251	321	175	250	151	False
3198	3197	171	246	147	321	151	False
2082	1337	174	249	249	150	251	True
3313	2724	2724	2724	2724	2724	2724	True
1947	1946	171	147	249	251	321	False
1700	1699	247	148	160	250	151	False
702	2327	155	156	157	158	159	True
144	410	155	156	157	158	159	True
769	1322	155	156	157	158	159	True
909	75	150	169	158	None	None	False
2140	2139	246	251	175	250	151	False
606	605	246	604	604	249	150	False
996	493	247	247	234	251	321	True
997	493	172	148	915	915	321	True
2010	493	2008	1326	1294	1362	1837	True
2009	3272	155	156	157	158	159	True
3031	3030	147	166	155	168	160	False
1510	1509	174	249	150	251	250	False
497	999	155	156	157	158	159	True
493	2010	155	156	157	158	159	True
1091	212	1085	1086	247	227	321	True
2900	2899	247	249	150	251	321	False
2991	2990	171	246	234	251	321	False
495	2011	155	156	157	158	159	True
3384	2011	163	163	163	163	163	True
3363	3362	172	172	148	149	251	False
2394	3484	155	156	157	158	159	True
1672	2390	155	156	157	158	159	True
514	224	227	248	234	251	321	False
403	402	227	248	154	251	160	False
1867	3075	155	156	157	158	159	True
1530	554	234	175	151	170	159	False
3043	3042	148	167	162	160	165	False
746	2073	155	156	157	158	159	True
748	1264	155	156	157	158	159	True
2326	698	247	148	251	321	151	True
2968	2967	1845	915	1328	1328	2234	True
1289	1288	174	174	249	150	160	False
754	753	251	175	250	250	151	False
1839	1838	1712	1325	2092	1090	1328	True
493	996	155	156	157	158	159	True
3084	1358	227	916	916	916	321	True
708	707	147	154	154	None	None	False
3296	3295	171	246	147	249	251	False
670	1059	155	156	157	158	159	True
408	142	246	246	246	227	251	True
2679	2678	247	148	249	150	251	False
1313	1312	152	157	163	None	None	False
1816	1815	227	248	248	149	160	False
3370	2713	171	147	251	321	250	True
3371	2713	1085	246	1176	1176	321	True
1783	2510	155	156	157	158	159	True
210	55	160	170	159	159	159	False
2824	1676	246	1176	234	249	321	True
1650	1649	171	147	155	148	160	False
814	2180	155	156	157	158	159	True
2997	2996	174	234	249	251	321	False
22	21	155	153	152	None	None	False
2493	1827	171	147	247	251	321	True
3569	1827	1085	246	147	1176	251	True
2079	1331	171	246	246	147	251	True
750	1267	155	156	157	158	159	True
2092	2091	1536	1252	1085	1085	1085	True
1776	1775	149	168	157	None	None	False
804	803	173	248	248	149	234	False
2253	3262	155	156	157	158	159	True
3277	3516	155	156	157	158	159	True
812	811	247	174	249	251	321	False
1203	1202	171	246	147	249	251	False
824	231	227	248	149	251	321	True
318	83	173	149	149	321	160	False
759	296	247	227	227	248	251	True
2136	2135	171	147	148	156	160	False
2142	2141	246	147	227	234	321	False
1093	214	1087	1087	227	249	321	True
1108	2179	155	156	157	158	159	True
580	579	155	155	None	None	None	False
296	295	227	248	149	154	251	False
1715	1714	227	248	149	160	250	False
1149	2085	155	156	157	158	159	True
1968	1967	173	149	154	249	160	False
131	396	155	156	157	158	159	True
69	68	155	161	None	None	None	False
1163	1162	174	174	249	251	321	False
631	1257	155	156	157	158	159	True
2503	1257	1325	1325	147	916	1324	True
1863	3076	155	156	157	158	159	True
2782	2781	172	247	148	149	251	False
2630	2629	171	147	249	150	251	False
989	141	915	234	251	321	250	True
990	141	251	321	175	250	151	True
2325	141	1327	2129	814	1329	1329	True
2968	2969	155	156	157	158	159	True
3055	2418	247	148	248	1176	234	True
3056	2418	247	148	1176	234	250	True
633	632	172	247	148	250	151	False
211	1090	155	156	157	158	159	True
750	749	173	248	248	149	251	False
2142	2970	155	156	157	158	159	True
3519	3280	246	147	172	247	251	True
205	1105	155	156	157	158	159	True
2695	2694	251	321	250	250	151	False
796	795	151	159	165	None	None	False
1758	1757	149	157	160	151	159	False
371	1345	155	156	157	158	159	True
683	1215	155	156	157	158	159	True
1181	1180	156	156	154	None	None	False
908	73	149	168	157	None	None	False
298	297	154	153	152	158	None	False
203	1101	155	156	157	158	159	True
2271	2270	147	174	249	150	251	False
2317	1793	1085	1085	1085	1085	1329	True
935	934	172	247	251	321	250	False
3015	3014	1272	147	1274	248	251	False
1879	1878	246	227	249	251	321	False
1880	835	1326	247	247	148	321	True
1511	416	171	246	147	251	321	True
478	198	154	169	169	158	None	False
440	439	434	432	436	234	321	False
1339	1338	160	175	250	151	151	False
394	129	249	249	249	251	321	True
395	129	251	321	250	250	250	True
1928	129	1326	915	1119	1250	1328	True
1119	1118	247	234	150	251	321	False
137	136	173	149	149	160	160	False
377	656	155	156	157	158	159	True
343	342	155	155	155	154	None	False
2086	1151	171	246	147	227	251	True
566	2006	155	156	157	158	159	True
1968	1969	155	156	157	158	159	True
436	435	152	152	157	None	None	False
2602	2603	155	156	157	158	159	True
2604	2603	171	147	251	321	250	False
3637	3638	155	156	157	158	159	True
204	1104	155	156	157	158	159	True
2637	2636	246	147	1176	234	249	True
998	497	234	249	251	321	250	True
999	497	915	915	174	150	321	True
2012	497	2008	1176	1176	1328	1463	True
415	414	166	161	154	154	160	False
1354	1353	154	174	249	150	160	False
2030	2029	174	249	150	251	321	False
516	894	155	156	157	158	159	True
1360	2925	155	156	157	158	159	True
2744	1947	1085	1085	147	249	251	True
2012	3273	155	156	157	158	159	True
117	333	155	156	157	158	159	True
3316	2727	2727	2727	2727	2727	2727	True
576	893	155	156	157	158	159	True
1512	419	172	247	148	251	321	True
113	323	155	156	157	158	159	True
513	222	247	227	234	251	321	False
115	328	155	156	157	158	159	True
3221	3220	2277	1086	247	2738	227	True
660	831	155	156	157	158	159	True
2505	3507	155	156	157	158	159	True
1623	1622	160	175	151	159	159	False
1540	1539	156	156	156	None	None	False
3279	3518	155	156	157	158	159	True
562	1194	155	156	157	158	159	True
379	378	171	227	227	154	321	False
2383	2382	247	148	248	251	321	False
2639	2638	1086	2383	1087	2320	251	True
211	23	147	155	227	154	160	False
2754	2753	2807	651	1087	1087	1087	True
365	1925	155	156	157	158	159	True
570	2748	155	156	157	158	159	True
3493	2748	162	162	162	162	162	True
63	310	155	156	157	158	159	True
810	2806	155	156	157	158	159	True
3281	3520	155	156	157	158	159	True
113	112	147	155	154	154	153	False
1523	1522	147	155	161	None	None	False
2984	3504	155	156	157	158	159	True
3032	3554	155	156	157	158	159	True
696	1200	155	156	157	158	159	True
2453	2452	148	167	156	156	160	False
3356	3357	155	156	157	158	159	True
806	2281	155	156	157	158	159	True
3504	2281	164	164	164	164	164	True
1080	1079	227	149	154	153	152	False
121	1111	155	156	157	158	159	True
2277	2276	1737	1532	1086	1086	1086	True
275	274	156	156	156	None	None	False
2267	3104	155	156	157	158	159	True
752	751	174	249	249	150	251	False
2509	2508	173	149	249	251	321	False
691	61	149	168	152	None	None	False
3560	3559	147	166	155	167	160	False
1746	1240	171	916	251	321	151	True
3327	3326	173	248	149	150	251	False
1371	645	1325	1326	1327	1328	1329	True
1422	649	1327	915	1328	234	150	True
1183	1182	154	157	157	None	None	False
1662	1661	172	247	247	148	160	False
1635	1634	156	162	152	None	None	False
684	37	254	155	None	None	None	False
1820	1819	227	160	250	250	151	False
383	1303	155	156	157	158	159	True
2257	2256	1327	1087	1472	2320	1328	True
1985	2571	155	156	157	158	159	True
2321	1785	1327	1328	174	1324	321	True
2080	3069	155	156	157	158	159	True
1668	2388	155	156	157	158	159	True
888	495	248	234	249	251	321	True
1613	495	1295	248	149	916	321	True
2011	495	2008	1327	1837	1295	1295	True
67	315	155	156	157	158	159	True
3346	3345	246	247	148	251	321	True
1835	2497	155	156	157	158	159	True
1857	1856	246	251	175	250	151	False
3375	2514	1325	1085	246	147	1327	True
1670	2663	155	156	157	158	159	True
744	743	227	248	260	149	234	False
2943	2942	227	227	234	150	250	False
2015	2810	155	156	157	158	159	True
241	1117	155	156	157	158	159	True
3243	1117	163	163	163	163	163	True
1674	2714	155	156	157	158	159	True
1735	1072	915	915	174	251	321	True
3512	1072	1327	2838	1246	1328	1328	True
2418	3055	155	156	157	158	159	True
1654	1653	147	173	149	157	160	False
3107	2271	246	915	174	234	150	True
3108	2271	174	234	150	916	250	True
2269	3106	155	156	157	158	159	True
556	555	171	171	246	147	166	False
1256	627	246	1176	174	249	321	True
1141	1140	156	157	163	None	None	False
320	87	321	160	175	151	151	False
115	326	155	156	157	158	159	True
3642	3641	2720	985	1371	1847	3245	True
894	516	247	251	321	175	151	True
895	516	247	916	251	321	151	True
633	3532	155	156	157	158	159	True
919	353	246	246	147	147	251	True
2497	1835	247	251	321	175	151	True
3573	1835	916	916	321	175	151	True
2182	2181	172	247	148	251	250	False
239	1115	155	156	157	158	159	True
67	66	157	163	163	None	None	False
546	545	155	161	161	None	None	False
97	96	170	159	159	159	165	False
1845	1844	1206	1327	1472	1328	1093	True
1824	1823	247	227	249	150	251	False
2711	2710	148	227	227	234	249	False
576	575	234	251	175	250	151	False
1297	802	1294	1295	248	251	321	True
2982	802	1307	1326	1326	2129	1329	True
2320	2319	173	149	249	150	251	False
1056	1055	150	169	158	None	None	False
214	32	227	154	150	158	160	False
495	1613	155	156	157	158	159	True
2929	1613	2926	1295	248	321	250	True
683	682	227	227	261	261	261	False
1244	1243	147	227	251	321	250	False
1066	3509	155	156	157	158	159	True
29	28	154	154	153	152	157	False
1951	3236	155	156	157	158	159	True
1844	1845	155	156	157	158	159	True
970	969	173	227	248	248	154	False
2827	2826	251	321	175	250	151	False
1350	1349	171	171	246	154	160	False
8	7	148	156	154	153	152	False
2510	1783	1325	915	1328	150	321	True
401	400	247	227	154	251	160	False
3012	3013	155	156	157	158	159	True
109	108	154	153	170	159	165	False
1335	2081	155	156	157	158	159	True
3070	2081	1327	1327	1295	149	1324	True
683	1712	155	156	157	158	159	True
203	93	173	149	157	157	160	False
3027	3026	149	168	168	158	160	False
2527	2528	155	156	157	158	159	True
1869	1868	149	168	157	160	159	False
1296	800	171	171	246	251	321	True
2278	800	246	147	1294	1294	251	True
2981	800	2006	1325	1325	2805	1329	True
1279	1278	172	247	148	148	251	False
8	1920	155	156	157	158	159	True
2582	2581	147	147	155	None	None	False
754	2076	155	156	157	158	159	True
3491	2076	165	165	165	165	165	True
891	572	149	234	249	251	321	True
2237	572	1295	248	149	916	321	True
2749	572	1326	2263	1223	1327	1327	True
3365	3364	248	234	249	150	251	False
1089	1088	247	148	227	251	321	False
3312	2723	2723	2723	2723	2723	2723	True
2722	2721	246	246	147	147	251	False
1054	1053	168	157	163	None	None	False
2082	3071	155	156	157	158	159	True
1865	1864	150	169	158	160	159	False
778	777	173	248	149	149	321	False
1928	3269	155	156	157	158	159	True
2766	2044	1294	247	234	249	150	True
2246	2248	155	156	157	158	159	True
1303	383	1294	1295	227	149	321	True
512	107	246	227	234	251	321	False
1759	1760	155	156	157	158	159	True
2607	2606	248	174	150	251	321	False
1533	3238	155	156	157	158	159	True
1167	1602	155	156	157	158	159	True
2636	2637	155	156	157	158	159	True
2146	2145	227	248	149	234	321	False
117	331	155	156	157	158	159	True
2080	1333	172	247	247	148	251	True
287	1207	155	156	157	158	159	True
1190	744	227	227	248	251	321	True
1078	1077	148	227	154	153	152	False
2205	2206	155	156	157	158	159	True
621	620	171	246	147	249	150	False
2325	3389	155	156	157	158	159	True
1733	1068	1294	1294	247	251	321	True
3510	1068	1326	1326	3221	1327	1472	True
141	989	155	156	157	158	159	True
1151	1150	171	246	246	147	227	False
588	587	159	165	None	None	None	False
2890	3598	155	156	157	158	159	True
3080	3079	147	166	155	155	160	False
2837	2838	155	156	157	158	159	True
570	890	155	156	157	158	159	True
808	2985	155	156	157	158	159	True
752	1218	155	156	157	158	159	True
2077	1218	1327	1176	1328	234	1324	True
81	80	167	167	156	162	162	False
554	553	159	165	165	None	None	False
1356	1355	171	246	147	154	160	False
1300	808	916	916	321	175	250	True
2282	808	1294	1294	251	321	151	True
2985	808	1327	2129	1248	1329	1329	True
83	82	168	168	157	163	163	False
986	135	247	247	148	251	321	True
1555	135	246	1326	1086	148	227	True
2322	135	1326	1326	1227	1327	2129	True
2418	3056	155	156	157	158	159	True
1200	696	171	246	147	251	321	True
3556	3555	1176	234	249	150	150	True
1754	1753	147	155	149	157	160	False
1646	647	1176	916	916	916	916	True
1760	1759	1225	1227	1472	1631	1215	True
1738	1232	1085	1085	147	251	321	True
1739	1232	246	147	251	321	250	True
2901	1232	1325	1325	1325	2184	1590	True
666	1318	155	156	157	158	159	True
1514	425	174	249	150	251	321	True
2607	2608	155	156	157	158	159	True
2015	2811	155	156	157	158	159	True
899	898	148	167	156	None	None	False
213	1092	155	156	157	158	159	True
2084	2051	227	249	249	150	251	False
204	1103	155	156	157	158	159	True
1218	752	1176	234	249	150	251	True
2389	752	1326	2104	1342	1328	1328	True
2271	3107	155	156	157	158	159	True
1546	1545	159	159	159	None	None	False
201	1099	155	156	157	158	159	True
3515	3276	247	148	173	248	251	True
2551	2550	148	174	150	251	321	False
3527	3526	247	148	173	248	251	True
381	1302	155	156	157	158	159	True
2896	2895	2637	1294	2838	916	916	True
623	622	172	247	148	249	150	False
637	3533	155	156	157	158	159	True
373	2394	155	156	157	158	159	True
3484	2394	163	163	163	163	163	True
727	726	158	158	164	None	None	False
2100	2099	246	249	150	169	251	False
103	102	154	153	168	157	163	False
1089	2566	155	156	157	158	159	True
237	236	171	147	234	234	160	False
1076	1075	147	227	154	153	152	False
2616	2615	150	150	169	158	160	False
229	822	155	156	157	158	159	True
2739	822	161	161	161	161	161	True
2524	2523	246	234	249	150	251	False
1352	1351	173	248	149	154	160	False
692	513	246	247	227	251	321	True
1208	513	172	247	1176	251	321	True
3359	3358	247	148	916	251	321	True
1149	1148	227	160	250	250	151	False
497	998	155	156	157	158	159	True
379	1301	155	156	157	158	159	True
1732	2657	155	156	157	158	159	True
361	360	251	160	250	250	151	False
1227	1226	618	247	227	154	251	False
373	654	155	156	157	158	159	True
1459	785	782	783	784	309	786	True
2761	2762	155	156	157	158	159	True
887	886	321	160	175	250	151	False
2895	2896	155	156	157	158	159	True
353	919	155	156	157	158	159	True
674	673	154	169	158	None	None	False
1835	1834	247	251	175	250	151	False
2416	2415	171	246	147	249	251	False
2967	2968	155	156	157	158	159	True
2969	2968	1422	1923	2892	1848	2742	True
243	242	227	174	234	234	150	False
2104	2103	172	247	148	149	251	False
1867	1866	148	167	156	158	160	False
2593	2594	155	156	157	158	159	True
202	91	172	148	156	156	160	False
2115	2114	248	149	168	157	160	False
290	757	155	156	157	158	159	True
2838	2837	247	2738	1098	1295	248	True
1662	3452	155	156	157	158	159	True
65	312	155	156	157	158	159	True
3522	3283	173	248	249	150	251	True
1713	738	737	1326	739	740	741	True
1842	1843	155	156	157	158	159	True
2755	2756	155	156	157	158	159	True
45	44	159	None	None	None	None	False
552	551	158	164	164	None	None	False
2269	3105	155	156	157	158	159	True
890	570	148	234	249	251	321	True
2236	570	1294	247	148	916	321	True
2748	570	1325	2722	1326	1326	2263	True
1213	405	915	915	249	150	251	True
16	15	154	153	152	150	158	False
2620	2619	160	151	170	170	159	False
2693	2692	149	149	157	157	160	False
1253	2498	155	156	157	158	159	True
641	1217	155	156	157	158	159	True
2096	2095	247	148	167	249	251	False
1843	1842	1327	1092	1472	1329	1601	True
3076	1863	1326	247	148	1176	1328	True
1639	1638	158	158	164	None	None	False
1425	1424	147	166	149	168	160	False
1969	1968	1087	234	249	251	321	True
808	2282	155	156	157	158	159	True
688	45	178	159	None	None	None	False
516	895	155	156	157	158	159	True
142	408	155	156	157	158	159	True
1191	556	171	171	246	251	321	True
2447	2446	234	249	249	150	251	False
800	799	171	246	246	147	234	False
20	19	154	153	152	151	159	False
2988	2989	155	156	157	158	159	True
2030	2764	155	156	157	158	159	True
135	134	172	148	148	160	160	False
117	330	155	156	157	158	159	True
3082	3407	155	156	157	158	159	True
892	574	246	234	150	251	321	True
2238	574	1294	1294	249	150	321	True
2750	574	1327	2320	1119	1328	1328	True
810	809	246	234	150	150	251	False
2048	2047	173	248	149	160	159	False
188	917	155	156	157	158	159	True
2928	917	2926	915	234	249	321	True
1318	666	249	249	666	150	251	True
377	1348	155	156	157	158	159	True
2386	1664	248	149	234	251	321	True
3453	1664	1295	173	916	321	250	True
143	409	155	156	157	158	159	True
363	3390	155	156	157	158	159	True
3400	3399	249	150	169	160	151	False
201	89	171	147	155	155	160	False
129	1928	155	156	157	158	159	True
3269	1928	164	164	164	164	164	True
135	986	155	156	157	158	159	True
2924	2923	246	234	321	250	151	True
2999	2998	234	251	321	175	250	False
3029	3028	172	247	148	173	251	False
1674	1673	247	148	248	251	321	False
1157	1156	175	175	250	250	151	False
1740	1234	247	148	249	251	321	True
1741	1234	1086	1086	148	251	321	True
2902	1234	1325	2184	1326	1326	2104	True
3303	3302	173	149	157	249	160	False
1694	1693	157	151	159	None	None	False
3539	3538	246	247	227	154	153	False
769	768	174	234	249	249	150	False
586	585	158	164	None	None	None	False
3103	2267	172	247	148	915	234	True
3104	2267	246	172	148	234	916	True
2920	2919	246	248	149	234	321	True
23	22	155	154	154	153	152	False
1680	1679	148	156	156	150	160	False
2926	2978	171	246	246	147	251	False
241	1956	155	156	157	158	159	True
3243	1956	163	163	163	163	163	True
10	9	152	None	None	None	None	False
2779	2778	174	249	150	150	251	False
503	502	246	147	154	153	153	False
1945	1944	173	149	249	150	251	False
3543	3542	227	248	154	153	249	False
1317	228	228	228	228	228	228	True
821	501	181	234	249	158	321	True
131	130	160	160	175	151	151	False
3408	3409	155	156	157	158	159	True
665	664	148	167	156	154	None	False
1143	1142	157	158	164	None	None	False
8	481	155	156	157	158	159	True
672	716	155	156	157	158	159	True
16	483	155	156	157	158	159	True
206	47	166	155	155	155	160	False
2590	2589	151	151	159	None	None	False
2142	3260	155	156	157	158	159	True
1084	1083	227	154	153	152	151	False
1159	1158	160	175	250	250	151	False
1656	1655	148	174	150	158	160	False
375	655	155	156	157	158	159	True
3275	3514	155	156	157	158	159	True
2255	3263	155	156	157	158	159	True
3111	1518	1326	172	148	915	1328	True
2757	2758	155	156	157	158	159	True
439	438	434	432	436	None	None	False
1207	287	283	284	285	1176	286	True
1147	1146	172	247	234	251	321	False
2259	3265	155	156	157	158	159	True
1734	2659	155	156	157	158	159	True
824	2741	155	156	157	158	159	True
1588	2078	155	156	157	158	159	True
712	711	227	251	321	250	151	False
729	728	171	227	227	154	153	False
1472	1471	619	227	154	249	251	False
670	882	155	156	157	158	159	True
723	722	147	155	154	None	None	False
1236	1235	227	248	248	149	251	False
119	337	155	156	157	158	159	True
1094	215	1087	1087	227	321	250	True
424	423	154	154	169	164	160	False
706	1201	155	156	157	158	159	True
302	301	227	154	251	250	151	False
2767	2768	155	156	157	158	159	True
1165	2090	155	156	157	158	159	True
299	760	155	156	157	158	159	True
814	813	246	251	321	175	250	False
79	78	166	166	155	161	161	False
89	88	166	155	155	155	161	False
2713	3371	155	156	157	158	159	True
2420	3058	155	156	157	158	159	True
2402	2893	155	156	157	158	159	True
3251	3250	2805	1085	916	916	3153	True
2451	2450	149	168	157	157	160	False
2269	2268	173	248	149	251	151	False
2725	3314	155	156	157	158	159	True
1517	1730	155	156	157	158	159	True
2094	2093	246	147	166	247	251	False
3021	3020	148	167	169	158	160	False
2398	2397	171	246	147	251	151	False
2805	2804	2008	2398	246	234	916	True
198	197	158	158	164	None	None	False
635	1260	155	156	157	158	159	True
1123	1122	172	172	247	148	251	False
1068	3510	155	156	157	158	159	True
2396	3486	155	156	157	158	159	True
1643	1642	149	154	157	160	159	False
495	494	173	248	248	251	321	False
2294	2293	1325	1325	1325	1327	1327	False
1666	2387	155	156	157	158	159	True
229	99	171	147	155	234	160	False
2070	1293	227	915	234	249	251	True
326	115	246	246	246	227	251	True
327	115	227	248	248	248	251	True
328	115	227	249	249	249	251	True
329	115	227	251	250	250	250	True
1095	115	1086	1086	247	227	321	True
85	84	169	169	158	164	164	False
2322	3386	155	156	157	158	159	True
2891	2890	2885	2886	2887	2888	2889	True
3598	2890	2886	2887	2888	2889	3597	True
2935	3092	155	156	157	158	159	True
3159	3158	1294	2383	247	1727	234	True
1601	1595	1166	1167	1168	1169	1170	True
1692	1691	148	156	156	None	None	False
912	911	246	147	227	251	321	False
794	793	150	158	158	None	None	False
2945	3373	155	156	157	158	159	True
1194	562	174	174	249	251	321	True
1287	1286	173	173	248	149	160	False
2008	2007	246	147	249	251	321	False
816	815	169	158	158	None	None	False
2670	2669	248	248	149	251	250	False
1112	237	246	147	247	234	251	True
1113	237	171	916	916	251	321	True
1954	237	1325	1325	1325	1210	1750	True
230	823	155	156	157	158	159	True
2740	823	162	162	162	162	162	True
239	1955	155	156	157	158	159	True
3242	1955	162	162	162	162	162	True
3525	3524	156	156	156	156	165	True
2945	2944	247	227	227	149	234	False
2105	1220	839	835	1220	1220	837	True
381	380	172	227	227	154	321	False
2273	3109	155	156	157	158	159	True
113	322	155	156	157	158	159	True
1217	641	247	148	915	234	150	True
3534	641	915	915	234	249	150	True
499	1001	155	156	157	158	159	True
1458	783	782	618	784	785	786	True
1307	1306	172	247	148	251	175	False
1993	1992	151	170	159	None	None	False
12	11	149	154	153	152	157	False
2242	2241	147	174	158	160	None	False
818	817	147	147	166	None	None	False
232	105	174	234	150	158	160	False
61	60	163	None	None	None	None	False
2422	2421	246	174	249	150	251	False
1218	2077	155	156	157	158	159	True
1333	1332	172	247	148	148	160	False
1529	552	174	234	150	169	158	False
2594	2593	1206	1327	1847	1329	2128	True
117	1096	155	156	157	158	159	True
312	65	147	155	155	155	160	True
313	65	149	157	157	157	160	True
513	1208	155	156	157	158	159	True
2296	2295	1325	1325	1326	1326	1326	False
491	995	155	156	157	158	159	True
2927	995	2926	246	1176	234	249	True
931	2133	155	156	157	158	159	True
377	2396	155	156	157	158	159	True
3486	2396	165	165	165	165	165	True
1238	2904	155	156	157	158	159	True
3500	2904	164	164	164	164	164	True
241	1116	155	156	157	158	159	True
3243	1116	163	163	163	163	163	True
983	982	246	227	234	321	250	True
1234	2902	155	156	157	158	159	True
3498	2902	162	162	162	162	162	True
137	1556	155	156	157	158	159	True
3220	3221	155	156	157	158	159	True
2775	2774	248	251	175	250	151	False
434	433	156	152	152	None	None	False
1621	1620	174	150	158	158	160	False
1949	2745	155	156	157	158	159	True
1660	2384	155	156	157	158	159	True
907	71	148	167	156	None	None	False
1947	2744	155	156	157	158	159	True
2664	812	1326	1328	174	150	321	True
3082	3081	246	174	234	150	160	False
1602	1167	1326	1086	1087	1594	1601	True
2273	3110	155	156	157	158	159	True
1544	1543	158	158	158	None	None	False
515	226	227	234	249	251	321	False
901	900	149	168	157	None	None	False
495	888	155	156	157	158	159	True
2929	888	2926	1295	248	321	250	True
3384	888	163	163	163	163	163	True
3416	3415	247	234	150	251	321	False
2668	2667	247	247	148	251	250	False
480	4	227	234	251	321	321	True
480	4	227	234	251	321	321	True
480	4	227	234	251	321	321	True
480	4	227	234	251	321	321	True
1919	4	1325	1085	1326	1086	1087	True
3073	3074	155	156	157	158	159	True
963	962	155	161	153	None	None	False
1333	2080	155	156	157	158	159	True
3069	2080	1326	1326	1294	148	1324	True
509	508	154	158	158	158	None	False
273	272	155	155	155	None	None	False
1423	363	248	149	234	251	321	True
3390	363	1295	1295	1295	248	149	True
639	1552	155	156	157	158	159	True
606	1554	155	156	157	158	159	True
2017	2812	155	156	157	158	159	True
2945	3372	155	156	157	158	159	True
1072	3512	155	156	157	158	159	True
1223	2738	155	156	157	158	159	True
1818	1817	247	227	249	150	160	False
651	650	149	234	249	251	321	False
285	1206	155	156	157	158	159	True
1299	806	234	249	150	251	321	True
2281	806	915	234	150	916	321	True
2984	806	1326	2664	1328	1328	2551	True
3347	3348	155	156	157	158	159	True
194	193	156	156	162	None	None	False
929	928	173	173	248	149	251	False
1747	1586	1325	246	1176	249	321	True
758	293	246	247	227	227	251	True
2588	2587	150	150	158	None	None	False
1517	1516	227	248	234	321	250	True
599	1536	155	156	157	158	159	True
